2000000000000000
20000c0000000000
2000000000000000
0000000000000000
2000000000000000
2000160000000000
2000000000000000
0000000000000000
2000000000000000
2000060000000000
2000000000000000
0000000000000000
2000000000000000
20002f0000000000
2000000000000000
0000000000000000
00000e0000000000
0000000000000000
0000080000000000
0000000000000000
00001c0000000000
0000000000000000
0000060000000000
0000000000000000
0000040000000000
0000000000000000
0000130000000000
0000000000000000
2000000000000000
2000300000000000
2000000000000000
0000000000000000
